                         symboling    fueltype   aspiration  doornumber enginelocation    wheelbase
symboling             1.0000000000 -0.19431094  0.059866047 -0.66407345   -0.212470935 -0.531953682
fueltype             -0.1943109388  1.00000000 -0.401397228  0.19149054    0.040069514  0.308345862
aspiration            0.0598660468 -0.40139723  1.000000000 -0.03179175   -0.057191457 -0.257610864
doornumber           -0.6640734518  0.19149054 -0.031791755  1.00000000    0.137756661  0.447356740
enginelocation       -0.2124709350  0.04006951 -0.057191457  0.13775666    1.000000000  0.187790244
wheelbase            -0.5319536816  0.30834586 -0.257610864  0.44735674    0.187790244  1.000000000
carlength            -0.3576115226  0.21267882 -0.234539033  0.39856780    0.050988541  0.874587476
carwidth             -0.2329190610  0.23387981 -0.300567369  0.20716822    0.051697642  0.795143644
carheight            -0.5410381998  0.28463106 -0.087311093  0.55220795    0.106234249  0.589434762
curbweight           -0.2276905885  0.21727532 -0.324901882  0.19737942   -0.050468195  0.776386328
enginesize           -0.1057897093  0.06959429 -0.108217404  0.02074183   -0.196826304  0.569328682
boreratio            -0.1300513597  0.05445103 -0.212614195  0.11925822   -0.185041942  0.488749875
stroke               -0.0087351407  0.24182882 -0.222982177 -0.01108164    0.138455489  0.160959047
compressionratio     -0.1785150844  0.98435606 -0.295540772  0.17788831    0.019762005  0.249785845
horsepower            0.0708727240 -0.16392617 -0.241685250 -0.12694694   -0.317839355  0.353294478
peakrpm               0.2736062451 -0.47688264  0.183382835 -0.24766818   -0.198460847 -0.360468748
citympg              -0.0358226279  0.25596256  0.202361877 -0.01241665    0.153487457 -0.470413613
highwaympg            0.0346060007  0.19139191  0.254416470 -0.03632985    0.102026213 -0.544081923
price                -0.0799782246  0.10567948 -0.177926225  0.03183527   -0.324973301  0.577815598
carbodyhardtop        0.1688445438  0.01863518  0.029074201 -0.22779257   -0.394977981 -0.008607579
carbodyhatchback      0.4356481374 -0.20209294 -0.009785654 -0.60668767    0.087754032 -0.386093732
carbodysedan         -0.3783410334  0.18562320 -0.017110973  0.51504568    0.114368733  0.291085508
carbodywagon         -0.2982425115  0.02818323 -0.018907680  0.32969024    0.045417026  0.210899313
drivewheelfwd         0.1028388489 -0.09034249  0.145680828  0.03357754    0.144799180 -0.460355093
drivewheelrwd        -0.0763811597  0.12203512 -0.112470173 -0.07395788   -0.158771666  0.498829873
enginetypedohcv       0.0093474995 -0.02302046  0.032857244 -0.07914301    0.008532374 -0.004156097
enginetypel          -0.1339786174  0.26816341 -0.207156119  0.17871813    0.030387636  0.399603095
enginetypeohc        -0.0828546913  0.02058395  0.020161789  0.02140383    0.196371462 -0.204037283
enginetypeohcf        0.0375127897 -0.09238426  0.034450067  0.02209473   -0.433726656 -0.183195035
enginetypeohcv       -0.0135973861 -0.08555595  0.070069866 -0.05213788    0.031710713  0.166151970
enginetyperotor       0.2459498451 -0.04638324  0.066203079 -0.15946289    0.017191624 -0.081173921
cylindernumberfive   -0.0901882153  0.21352719 -0.225968095  0.07979283    0.029018865  0.261182236
cylindernumberfour   -0.0341607246 -0.02018417 -0.009195148  0.06608763    0.226571140 -0.309491642
cylindernumbersix    -0.0002383124 -0.06859413  0.091987218 -0.01416800   -0.334671407  0.145842406
cylindernumberthree   0.0657074228 -0.02302046  0.032857244 -0.07914301    0.008532374 -0.120708757
cylindernumbertwelve -0.0470124239 -0.02302046  0.032857244 -0.07914301    0.008532374  0.037802860
cylindernumbertwo     0.2459498451 -0.04638324  0.066203079 -0.15946289    0.017191624 -0.081173921
fuelsystem2bbl       -0.0340685204 -0.22656546  0.323378237  0.02052487    0.083974903 -0.396505419
fuelsystem4bbl        0.2124709350 -0.04006951  0.057191457 -0.13775666    0.014851485 -0.070124456
fuelsystemidi        -0.1943109388  1.00000000 -0.401397228  0.19149054    0.040069514  0.308345862
fuelsystemmfi         0.1220673462 -0.02302046 -0.149189650 -0.07914301    0.008532374 -0.033294262
fuelsystemmpfi        0.0125320985 -0.30257398  0.050040787  0.02501945   -0.132428819  0.348891133
fuelsystemspdi        0.1819387313 -0.07045671 -0.394703334 -0.14627178    0.026114286 -0.117358799
fuelsystemspfi        0.0657074228 -0.02302046  0.032857244 -0.07914301    0.008532374 -0.032128736
                        carlength    carwidth   carheight   curbweight   enginesize     boreratio        stroke
symboling            -0.357611523 -0.23291906 -0.54103820 -0.227690588 -0.105789709 -0.1300513597 -0.0087351407
fueltype              0.212678822  0.23387981  0.28463106  0.217275322  0.069594286  0.0544510292  0.2418288213
aspiration           -0.234539033 -0.30056737 -0.08731109 -0.324901882 -0.108217404 -0.2126141951 -0.2229821770
doornumber            0.398567804  0.20716822  0.55220795  0.197379420  0.020741830  0.1192582239 -0.0110816439
enginelocation        0.050988541  0.05169764  0.10623425 -0.050468195 -0.196826304 -0.1850419419  0.1384554887
wheelbase             0.874587476  0.79514364  0.58943476  0.776386328  0.569328682  0.4887498753  0.1609590473
carlength             1.000000000  0.84111827  0.49102946  0.877728461  0.683359873  0.6064543580  0.1295326111
carwidth              0.841118268  1.00000000  0.27921032  0.867032465  0.735433405  0.5591499086  0.1829416925
carheight             0.491029458  0.27921032  1.00000000  0.295571726  0.067148742  0.1710709215 -0.0553066737
curbweight            0.877728461  0.86703246  0.29557173  1.000000000  0.850594073  0.6484797487  0.1687900353
enginesize            0.683359873  0.73543340  0.06714874  0.850594073  1.000000000  0.5837743274  0.2031285879
boreratio             0.606454358  0.55914991  0.17107092  0.648479749  0.583774327  1.0000000000 -0.0559089825
stroke                0.129532611  0.18294169 -0.05530667  0.168790035  0.203128588 -0.0559089825  1.0000000000
compressionratio      0.158413706  0.18112863  0.26121423  0.151361740  0.028971360  0.0051973387  0.1861101103
horsepower            0.552622967  0.64073208 -0.10880206  0.750739251  0.809768655  0.5736768235  0.0809395357
peakrpm              -0.287242203 -0.22001230 -0.32041072 -0.266243184 -0.244659825 -0.2549755284 -0.0679637532
citympg              -0.670908662 -0.64270434 -0.04863963 -0.757413785 -0.653657916 -0.5845317157 -0.0421447540
highwaympg           -0.704661604 -0.67721792 -0.10735763 -0.797464792 -0.677469908 -0.5870117842 -0.0439309304
price                 0.682920016  0.75932530  0.11933623  0.835304879  0.874144803  0.5531732368  0.0794430839
carbodyhardtop        0.047291821  0.06636001 -0.07232776  0.098956326  0.239363362  0.2080892726  0.0432145108
carbodyhatchback     -0.436268753 -0.22230783 -0.47747593 -0.287501476 -0.216805018 -0.2270317914  0.0523163632
carbodysedan          0.269646615  0.15463666  0.23586338  0.099425105  0.088459336  0.0305165453  0.0356303626
carbodywagon          0.219683396  0.06063868  0.45914760  0.164074693 -0.027517911  0.1057193444 -0.0950837294
drivewheelfwd        -0.508713892 -0.47211642 -0.10027325 -0.666039449 -0.518391485 -0.5830867420  0.1243968391
drivewheelrwd         0.538370342  0.51114895  0.03981386  0.669987239  0.565508701  0.5741049420 -0.0223248279
enginetypedohcv       0.009390820  0.20913572 -0.09262833  0.109242952  0.128248073  0.1581362606 -0.0325449014
enginetypel           0.261715321  0.21077089  0.31968668  0.250123814  0.016062892  0.1817289411 -0.0846881269
enginetypeohc        -0.274412584 -0.28621149  0.03626010 -0.413292710 -0.363334489 -0.4103827002  0.3660842063
enginetypeohcf       -0.118320169 -0.12444603 -0.04667009 -0.080295031 -0.016508113  0.3267975474 -0.5228082177
enginetypeohcv        0.244052559  0.34886932 -0.06506324  0.400878000  0.562403272  0.1195091461 -0.0448133825
enginetyperotor      -0.057876537 -0.01369875 -0.23871993 -0.039195552 -0.184761854  0.0001273477 -0.0001869765
cylindernumberfive    0.259893887  0.39769023  0.15298239  0.264554492  0.144877554 -0.0077971328  0.1764849457
cylindernumberfour   -0.400209795 -0.52313485  0.05969552 -0.576463094 -0.631430899 -0.1640758085 -0.1110463801
cylindernumbersix     0.262980669  0.20924595 -0.04977735  0.405489630  0.511782952  0.1283649970  0.0683878826
cylindernumberthree  -0.187444549 -0.18347255 -0.01507610 -0.143903173 -0.111081461 -0.1087739826 -0.0504495100
cylindernumbertwelve  0.100412957  0.15351622 -0.17018055  0.187963579  0.335554641  0.0544817972 -0.1108775640
cylindernumbertwo    -0.057876537 -0.01369875 -0.23871993 -0.039195552 -0.184761854  0.0001273477 -0.0001869765
fuelsystem2bbl       -0.487237464 -0.52259433 -0.07941850 -0.577158668 -0.442562029 -0.3533420431 -0.2348662912
fuelsystem4bbl       -0.049998332 -0.01183407 -0.20622516 -0.040801232 -0.166946027  0.0001100130 -0.0001615251
fuelsystemidi         0.212678822  0.23387981  0.28463106  0.217275322  0.069594286  0.0544510292  0.2418288213
fuelsystemmfi        -0.004831388  0.01283159 -0.10124524  0.034431398  0.049033368  0.0700299667  0.1442631086
fuelsystemmpfi        0.511374473  0.46189630  0.10868546  0.520220172  0.483519572  0.4193347862 -0.1102801647
fuelsystemspdi       -0.079789813 -0.04639866 -0.27861549 -0.002433751  0.004490197 -0.0042127533  0.2512589026
fuelsystemspfi       -0.008244719 -0.02315750 -0.06677758  0.024052137 -0.013327144  0.0259768198 -0.0056879885
                     compressionratio   horsepower      peakrpm     citympg  highwaympg        price
symboling                -0.178515084  0.070872724  0.273606245 -0.03582263  0.03460600 -0.079978225
fueltype                  0.984356057 -0.163926167 -0.476882642  0.25596256  0.19139191  0.105679482
aspiration               -0.295540772 -0.241685250  0.183382835  0.20236188  0.25441647 -0.177926225
doornumber                0.177888309 -0.126946942 -0.247668178 -0.01241665 -0.03632985  0.031835266
enginelocation            0.019762005 -0.317839355 -0.198460847  0.15348746  0.10202621 -0.324973301
wheelbase                 0.249785845  0.353294478 -0.360468748 -0.47041361 -0.54408192  0.577815598
carlength                 0.158413706  0.552622967 -0.287242203 -0.67090866 -0.70466160  0.682920016
carwidth                  0.181128627  0.640732076 -0.220012303 -0.64270434 -0.67721792  0.759325300
carheight                 0.261214226 -0.108802059 -0.320410724 -0.04863963 -0.10735763  0.119336227
curbweight                0.151361740  0.750739251 -0.266243184 -0.75741378 -0.79746479  0.835304879
enginesize                0.028971360  0.809768655 -0.244659825 -0.65365792 -0.67746991  0.874144803
boreratio                 0.005197339  0.573676823 -0.254975528 -0.58453172 -0.58701178  0.553173237
stroke                    0.186110110  0.080939536 -0.067963753 -0.04214475 -0.04393093  0.079443084
compressionratio          1.000000000 -0.204326226 -0.435740514  0.32470142  0.26520139  0.067983506
horsepower               -0.204326226  1.000000000  0.131072505 -0.80145618 -0.77054389  0.808138823
peakrpm                  -0.435740514  0.131072505  1.000000000 -0.11354438 -0.05427481 -0.085267150
citympg                   0.324701425 -0.801456176 -0.113544384  1.00000000  0.97133704 -0.685751336
highwaympg                0.265201389 -0.770543891 -0.054274808  0.97133704  1.00000000 -0.697599092
price                     0.067983506  0.808138823 -0.085267150 -0.68575134 -0.69759909  1.000000000
carbodyhardtop            0.029622979  0.194801115 -0.039756145 -0.11099253 -0.10270654  0.225854012
carbodyhatchback         -0.202650309 -0.053770231  0.159797900  0.12079482  0.14886798 -0.262039221
carbodysedan              0.188285861 -0.024097453 -0.085502578  0.01486975  0.01121774  0.125716482
carbodywagon              0.016315104 -0.063081107 -0.083901315 -0.06735628 -0.11019388 -0.042309712
drivewheelfwd            -0.062683272 -0.544438277  0.124550982  0.56387901  0.60082835 -0.601950297
drivewheelrwd             0.105184502  0.575564319 -0.086159396 -0.54578889 -0.56614868  0.638956539
enginetypedohcv          -0.002518602  0.326366626  0.091946822 -0.08818056 -0.02803994  0.159225044
enginetypel               0.219152651 -0.054469221 -0.220599475 -0.02749109 -0.06961482  0.042267238
enginetypeohc             0.027545225 -0.427616223  0.028189136  0.39123622  0.42604884 -0.344270146
enginetypeohcf           -0.084328255  0.044751773 -0.073885442 -0.03241280 -0.04708622  0.016284870
enginetypeohcv           -0.086649364  0.431539184 -0.060011159 -0.33692570 -0.36061637  0.385991282
enginetyperotor          -0.026436139  0.019249961  0.259379726 -0.18307636 -0.15917281 -0.004544155
cylindernumberfive        0.173360349  0.110691524 -0.021670938 -0.20702897 -0.23716664  0.249605920
cylindernumberfour       -0.012522072 -0.639551937 -0.047781799  0.54126712  0.54732609 -0.697761660
cylindernumbersix        -0.065558548  0.533544362  0.014255756 -0.38655067 -0.36669638  0.474977907
cylindernumberthree      -0.011353532 -0.099600002 -0.003696535  0.23366541  0.22675559 -0.071387754
cylindernumbertwelve      0.023986189  0.280220241 -0.018410898 -0.13109336 -0.14014997  0.199633568
cylindernumbertwo        -0.026436139  0.019249961  0.259379726 -0.18307636 -0.15917281 -0.004544155
fuelsystem2bbl           -0.183384209 -0.541966035 -0.095624518  0.52075062  0.52800948 -0.501374342
fuelsystem4bbl           -0.022837628 -0.009629669  0.224072728 -0.15348746 -0.13750607 -0.017306043
fuelsystemidi             0.984356057 -0.163926167 -0.476882642  0.25596256  0.19139191  0.105679482
fuelsystemmfi            -0.055528182  0.072561510 -0.018410898 -0.06672416 -0.06880722 -0.002747293
fuelsystemmpfi           -0.311034548  0.628372059  0.149958629 -0.64448866 -0.61081327  0.517074989
fuelsystemspdi           -0.153726054  0.117664436  0.068748487 -0.12395381 -0.10661485 -0.061474847
fuelsystemspfi           -0.016654490 -0.025055842 -0.018410898 -0.01308317 -0.01784812 -0.019580151
                     carbodyhardtop carbodyhatchback carbodysedan carbodywagon drivewheelfwd drivewheelrwd
symboling               0.168844544      0.435648137 -0.378341033 -0.298242511    0.10283885  -0.076381160
fueltype                0.018635178     -0.202092939  0.185623201  0.028183227   -0.09034249   0.122035118
aspiration              0.029074201     -0.009785654 -0.017110973 -0.018907680    0.14568083  -0.112470173
doornumber             -0.227792566     -0.606687674  0.515045681  0.329690237    0.03357754  -0.073957879
enginelocation         -0.394977981      0.087754032  0.114368733  0.045417026    0.14479918  -0.158771666
wheelbase              -0.008607579     -0.386093732  0.291085508  0.210899313   -0.46035509   0.498829873
carlength               0.047291821     -0.436268753  0.269646615  0.219683396   -0.50871389   0.538370342
carwidth                0.066360007     -0.222307828  0.154636665  0.060638676   -0.47211642   0.511148945
carheight              -0.072327757     -0.477475933  0.235863381  0.459147600   -0.10027325   0.039813858
curbweight              0.098956326     -0.287501476  0.099425105  0.164074693   -0.66603945   0.669987239
enginesize              0.239363362     -0.216805018  0.088459336 -0.027517911   -0.51839148   0.565508701
boreratio               0.208089273     -0.227031791  0.030516545  0.105719344   -0.58308674   0.574104942
stroke                  0.043214511      0.052316363  0.035630363 -0.095083729    0.12439684  -0.022324828
compressionratio        0.029622979     -0.202650309  0.188285861  0.016315104   -0.06268327   0.105184502
horsepower              0.194801115     -0.053770231 -0.024097453 -0.063081107   -0.54443828   0.575564319
peakrpm                -0.039756145      0.159797900 -0.085502578 -0.083901315    0.12455098  -0.086159396
citympg                -0.110992529      0.120794823  0.014869747 -0.067356280    0.56387901  -0.545788887
highwaympg             -0.102706541      0.148867980  0.011217744 -0.110193885    0.60082835  -0.566148677
price                   0.225854012     -0.262039221  0.125716482 -0.042309712   -0.60195030   0.638956539
carbodyhardtop          1.000000000     -0.145108889 -0.189118602 -0.075100985   -0.18830799   0.210390319
carbodyhatchback       -0.145108889      1.000000000 -0.675778707 -0.268358829    0.16755211  -0.148046215
carbodysedan           -0.189118602     -0.675778707  1.000000000 -0.349748708    0.01597111   0.008293327
carbodywagon           -0.075100985     -0.268358829 -0.349748708  1.000000000   -0.07970534  -0.008280466
drivewheelfwd          -0.188307995      0.167552114  0.015971106 -0.079705340    1.00000000  -0.911996352
drivewheelrwd           0.210390319     -0.148046215  0.008293327 -0.008280466   -0.91199635   1.000000000
enginetypedohcv        -0.014109018      0.097230559 -0.065706341 -0.026092679   -0.08318903   0.091216410
enginetypel            -0.050248586     -0.135733967  0.057486821  0.161074877   -0.25409586   0.281841592
enginetypeohc          -0.043606450      0.056559712  0.080570995 -0.101439120    0.45007834  -0.402779151
enginetypeohcf          0.136835083     -0.083820630 -0.075993562  0.124259993   -0.06769714  -0.099319660
enginetypeohcv          0.050923820     -0.018531233 -0.003522097 -0.035805744   -0.18728778   0.214684443
enginetyperotor        -0.028427839      0.195906945 -0.132389742 -0.052573358   -0.16761509   0.183789216
cylindernumberfive      0.063798512     -0.125815844  0.080203466  0.043564256   -0.06323022  -0.003498011
cylindernumberfour     -0.133132121      0.066757429 -0.034177858  0.057521500    0.42548062  -0.434460861
cylindernumbersix       0.083316972     -0.070234695  0.053544323 -0.042973669   -0.34026965   0.380172068
cylindernumberthree    -0.014109018      0.097230559 -0.065706341 -0.026092679    0.05892557  -0.053739900
cylindernumbertwelve   -0.014109018     -0.050415845  0.074604075 -0.026092679   -0.08318903   0.091216410
cylindernumbertwo      -0.028427839      0.195906945 -0.132389742 -0.052573358   -0.16761509   0.183789216
fuelsystem2bbl         -0.084946414      0.120288124 -0.060830029  0.030349322    0.41040350  -0.464055954
fuelsystem4bbl         -0.024558216      0.169239918 -0.114368733 -0.045417026   -0.14479918   0.158771666
fuelsystemidi           0.018635178     -0.202092939  0.185623201  0.028183227   -0.09034249   0.122035118
fuelsystemmfi          -0.014109018      0.097230559 -0.065706341 -0.026092679    0.05892557  -0.053739900
fuelsystemmpfi          0.117875724     -0.208463020  0.078093678  0.016053178   -0.43765536   0.448977352
fuelsystemspdi         -0.043182233      0.197165392 -0.105671457 -0.079859571    0.13201967  -0.115181988
fuelsystemspfi         -0.014109018      0.097230559 -0.065706341 -0.026092679   -0.08318903   0.091216410
                     enginetypedohcv enginetypel enginetypeohc enginetypeohcf enginetypeohcv enginetyperotor
symboling                0.009347499 -0.13397862   -0.08285469    0.037512790   -0.013597386    0.2459498451
fueltype                -0.023020463  0.26816341    0.02058395   -0.092384255   -0.085555946   -0.0463832420
aspiration               0.032857244 -0.20715612    0.02016179    0.034450067    0.070069866    0.0662030790
doornumber              -0.079143013  0.17871813    0.02140383    0.022094727   -0.052137885   -0.1594628906
enginelocation           0.008532374  0.03038764    0.19637146   -0.433726656    0.031710713    0.0171916242
wheelbase               -0.004156097  0.39960310   -0.20403728   -0.183195035    0.166151970   -0.0811739215
carlength                0.009390820  0.26171532   -0.27441258   -0.118320169    0.244052559   -0.0578765373
carwidth                 0.209135721  0.21077089   -0.28621149   -0.124446030    0.348869321   -0.0136987514
carheight               -0.092628325  0.31968668    0.03626010   -0.046670092   -0.065063241   -0.2387199302
curbweight               0.109242952  0.25012381   -0.41329271   -0.080295031    0.400878000   -0.0391955525
enginesize               0.128248073  0.01606289   -0.36333449   -0.016508113    0.562403272   -0.1847618544
boreratio                0.158136261  0.18172894   -0.41038270    0.326797547    0.119509146    0.0001273477
stroke                  -0.032544901 -0.08468813    0.36608421   -0.522808218   -0.044813383   -0.0001869765
compressionratio        -0.002518602  0.21915265    0.02754523   -0.084328255   -0.086649364   -0.0264361387
horsepower               0.326366626 -0.05446922   -0.42761622    0.044751773    0.431539184    0.0192499613
peakrpm                  0.091946822 -0.22059947    0.02818914   -0.073885442   -0.060011159    0.2593797256
citympg                 -0.088180562 -0.02749109    0.39123622   -0.032412804   -0.336925699   -0.1830763596
highwaympg              -0.028039937 -0.06961482    0.42604884   -0.047086223   -0.360616366   -0.1591728105
price                    0.159225044  0.04226724   -0.34427015    0.016284870    0.385991282   -0.0045441554
carbodyhardtop          -0.014109018 -0.05024859   -0.04360645    0.136835083    0.050923820   -0.0284278390
carbodyhatchback         0.097230559 -0.13573397    0.05655971   -0.083820630   -0.018531233    0.1959069445
carbodysedan            -0.065706341  0.05748682    0.08057100   -0.075993562   -0.003522097   -0.1323897416
carbodywagon            -0.026092679  0.16107488   -0.10143912    0.124259993   -0.035805744   -0.0525733582
drivewheelfwd           -0.083189033 -0.25409586    0.45007834   -0.067697144   -0.187287776   -0.1676150948
drivewheelrwd            0.091216410  0.28184159   -0.40277915   -0.099319660    0.214684443    0.1837892163
enginetypedohcv          1.000000000 -0.01745810   -0.11281799   -0.019672237   -0.018218222   -0.0098768142
enginetypel             -0.017458096  1.00000000   -0.40179581   -0.070061720   -0.064883315   -0.0351757961
enginetypeohc           -0.112817987 -0.40179581    1.00000000   -0.452753961   -0.419289987   -0.2273135879
enginetypeohcf          -0.019672237 -0.07006172   -0.45275396    1.000000000   -0.073112206   -0.0396370018
enginetypeohcv          -0.018218222 -0.06488331   -0.41928999   -0.073112206    1.000000000   -0.0367073497
enginetyperotor         -0.009876814 -0.03517580   -0.22731359   -0.039637002   -0.036707350    1.0000000000
cylindernumberfive      -0.016671719 -0.05937552    0.14777537   -0.066905883   -0.061960732   -0.0335913490
cylindernumberfour      -0.130168099  0.08431070    0.39694501    0.016427117   -0.483771977   -0.2622718099
cylindernumbersix       -0.025494779 -0.09079842   -0.34970969    0.072472433    0.403302465   -0.0513686675
cylindernumberthree     -0.004901961  0.28078438   -0.11281799   -0.019672237   -0.018218222   -0.0098768142
cylindernumbertwelve    -0.004901961 -0.01745810   -0.11281799   -0.019672237    0.269069118   -0.0098768142
cylindernumbertwo       -0.009876814 -0.03517580   -0.22731359   -0.039637002   -0.036707350    1.0000000000
fuelsystem2bbl          -0.048244686 -0.12734722    0.21790864    0.127119319   -0.179302205   -0.0972067749
fuelsystem4bbl          -0.008532374 -0.03038764   -0.19637146   -0.034241578   -0.031710713    0.8638791170
fuelsystemidi           -0.023020463  0.26816341    0.02058395   -0.092384255   -0.085555946   -0.0463832420
fuelsystemmfi           -0.004901961 -0.01745810    0.04345017   -0.019672237   -0.018218222   -0.0098768142
fuelsystemmpfi           0.076082098  0.02074940   -0.30292169    0.004584502    0.282760424   -0.0590394999
fuelsystemspdi          -0.015003001 -0.05343246    0.13298412   -0.060209088   -0.055758911   -0.0302290978
fuelsystemspfi          -0.004901961 -0.01745810    0.04345017   -0.019672237   -0.018218222   -0.0098768142
                     cylindernumberfive cylindernumberfour cylindernumbersix cylindernumberthree
symboling                  -0.090188215       -0.034160725     -0.0002383124         0.065707423
fueltype                    0.213527188       -0.020184173     -0.0685941255        -0.023020463
aspiration                 -0.225968095       -0.009195148      0.0919872182         0.032857244
doornumber                  0.079792833        0.066087632     -0.0141679991        -0.079143013
enginelocation              0.029018865        0.226571140     -0.3346714067         0.008532374
wheelbase                   0.261182236       -0.309491642      0.1458424060        -0.120708757
carlength                   0.259893887       -0.400209795      0.2629806694        -0.187444549
carwidth                    0.397690229       -0.523134846      0.2092459506        -0.183472547
carheight                   0.152982390        0.059695520     -0.0497773486        -0.015076097
curbweight                  0.264554492       -0.576463094      0.4054896299        -0.143903173
enginesize                  0.144877554       -0.631430899      0.5117829519        -0.111081461
boreratio                  -0.007797133       -0.164075808      0.1283649970        -0.108773983
stroke                      0.176484946       -0.111046380      0.0683878826        -0.050449510
compressionratio            0.173360349       -0.012522072     -0.0655585476        -0.011353532
horsepower                  0.110691524       -0.639551937      0.5335443617        -0.099600002
peakrpm                    -0.021670938       -0.047781799      0.0142557555        -0.003696535
citympg                    -0.207028972        0.541267118     -0.3865506718         0.233665407
highwaympg                 -0.237166635        0.547326093     -0.3666963837         0.226755594
price                       0.249605920       -0.697761660      0.4749779067        -0.071387754
carbodyhardtop              0.063798512       -0.133132121      0.0833169722        -0.014109018
carbodyhatchback           -0.125815844        0.066757429     -0.0702346951         0.097230559
carbodysedan                0.080203466       -0.034177858      0.0535443225        -0.065706341
carbodywagon                0.043564256        0.057521500     -0.0429736691        -0.026092679
drivewheelfwd              -0.063230224        0.425480616     -0.3402696483         0.058925565
drivewheelrwd              -0.003498011       -0.434460861      0.3801720675        -0.053739900
enginetypedohcv            -0.016671719       -0.130168099     -0.0254947789        -0.004901961
enginetypel                -0.059375523        0.084310705     -0.0907984222         0.280784382
enginetypeohc               0.147775367        0.396945010     -0.3497096884        -0.112817987
enginetypeohcf             -0.066905883        0.016427117      0.0724724331        -0.019672237
enginetypeohcv             -0.061960732       -0.483771977      0.4033024648        -0.018218222
enginetyperotor            -0.033591349       -0.262271810     -0.0513686675        -0.009876814
cylindernumberfive          1.000000000       -0.442705710     -0.0867085275        -0.016671719
cylindernumberfour         -0.442705710        1.000000000     -0.6769958084        -0.130168099
cylindernumbersix          -0.086708528       -0.676995808      1.0000000000        -0.025494779
cylindernumberthree        -0.016671719       -0.130168099     -0.0254947789         1.000000000
cylindernumbertwelve       -0.016671719       -0.130168099     -0.0254947789        -0.004901961
cylindernumbertwo          -0.033591349       -0.262271810     -0.0513686675        -0.009876814
fuelsystem2bbl             -0.164081662        0.345607393     -0.2509174707         0.101606233
fuelsystem4bbl             -0.029018865       -0.226571140     -0.0443763191        -0.008532374
fuelsystemidi               0.213527188       -0.020184173     -0.0685941255        -0.023020463
fuelsystemmfi              -0.016671719        0.037658695     -0.0254947789        -0.004901961
fuelsystemmpfi              0.084980983       -0.373291331      0.3652483008        -0.064429885
fuelsystemspdi             -0.051025668        0.115258662     -0.0780296309        -0.015003001
fuelsystemspfi             -0.016671719        0.037658695     -0.0254947789        -0.004901961
                     cylindernumbertwelve cylindernumbertwo fuelsystem2bbl fuelsystem4bbl fuelsystemidi
symboling                    -0.047012424      0.2459498451    -0.03406852   0.2124709350   -0.19431094
fueltype                     -0.023020463     -0.0463832420    -0.22656546  -0.0400695141    1.00000000
aspiration                    0.032857244      0.0662030790     0.32337824   0.0571914574   -0.40139723
doornumber                   -0.079143013     -0.1594628906     0.02052487  -0.1377566611    0.19149054
enginelocation                0.008532374      0.0171916242     0.08397490   0.0148514851    0.04006951
wheelbase                     0.037802860     -0.0811739215    -0.39650542  -0.0701244556    0.30834586
carlength                     0.100412957     -0.0578765373    -0.48723746  -0.0499983319    0.21267882
carwidth                      0.153516217     -0.0136987514    -0.52259433  -0.0118340652    0.23387981
carheight                    -0.170180553     -0.2387199302    -0.07941850  -0.2062251625    0.28463106
curbweight                    0.187963579     -0.0391955525    -0.57715867  -0.0408012318    0.21727532
enginesize                    0.335554641     -0.1847618544    -0.44256203  -0.1669460272    0.06959429
boreratio                     0.054481797      0.0001273477    -0.35334204   0.0001100130    0.05445103
stroke                       -0.110877564     -0.0001869765    -0.23486629  -0.0001615251    0.24182882
compressionratio              0.023986189     -0.0264361387    -0.18338421  -0.0228376282    0.98435606
horsepower                    0.280220241      0.0192499613    -0.54196603  -0.0096296689   -0.16392617
peakrpm                      -0.018410898      0.2593797256    -0.09562452   0.2240727283   -0.47688264
citympg                      -0.131093358     -0.1830763596     0.52075062  -0.1534874568    0.25596256
highwaympg                   -0.140149971     -0.1591728105     0.52800948  -0.1375060669    0.19139191
price                         0.199633568     -0.0045441554    -0.50137434  -0.0173060426    0.10567948
carbodyhardtop               -0.014109018     -0.0284278390    -0.08494641  -0.0245582165    0.01863518
carbodyhatchback             -0.050415845      0.1959069445     0.12028812   0.1692399183   -0.20209294
carbodysedan                  0.074604075     -0.1323897416    -0.06083003  -0.1143687331    0.18562320
carbodywagon                 -0.026092679     -0.0525733582     0.03034932  -0.0454170262    0.02818323
drivewheelfwd                -0.083189033     -0.1676150948     0.41040350  -0.1447991801   -0.09034249
drivewheelrwd                 0.091216410      0.1837892163    -0.46405595   0.1587716659    0.12203512
enginetypedohcv              -0.004901961     -0.0098768142    -0.04824469  -0.0085323735   -0.02302046
enginetypel                  -0.017458096     -0.0351757961    -0.12734722  -0.0303876357    0.26816341
enginetypeohc                -0.112817987     -0.2273135879     0.21790864  -0.1963714616    0.02058395
enginetypeohcf               -0.019672237     -0.0396370018     0.12711932  -0.0342415781   -0.09238426
enginetypeohcv                0.269069118     -0.0367073497    -0.17930220  -0.0317107128   -0.08555595
enginetyperotor              -0.009876814      1.0000000000    -0.09720677   0.8638791170   -0.04638324
cylindernumberfive           -0.016671719     -0.0335913490    -0.16408166  -0.0290188649    0.21352719
cylindernumberfour           -0.130168099     -0.2622718099     0.34560739  -0.2265711395   -0.02018417
cylindernumbersix            -0.025494779     -0.0513686675    -0.25091747  -0.0443763191   -0.06859413
cylindernumberthree          -0.004901961     -0.0098768142     0.10160623  -0.0085323735   -0.02302046
cylindernumbertwelve          1.000000000     -0.0098768142    -0.04824469  -0.0085323735   -0.02302046
cylindernumbertwo            -0.009876814      1.0000000000    -0.09720677   0.8638791170   -0.04638324
fuelsystem2bbl               -0.048244686     -0.0972067749     1.00000000  -0.0839749029   -0.22656546
fuelsystem4bbl               -0.008532374      0.8638791170    -0.08397490   1.0000000000   -0.04006951
fuelsystemidi                -0.023020463     -0.0463832420    -0.22656546  -0.0400695141    1.00000000
fuelsystemmfi                -0.004901961     -0.0098768142    -0.04824469  -0.0085323735   -0.02302046
fuelsystemmpfi                0.076082098     -0.0590394999    -0.63411351  -0.1121469276   -0.30257398
fuelsystemspdi               -0.015003001     -0.0302290978    -0.14765827  -0.0261142863   -0.07045671
fuelsystemspfi               -0.004901961     -0.0098768142    -0.04824469  -0.0085323735   -0.02302046
                     fuelsystemmfi fuelsystemmpfi fuelsystemspdi fuelsystemspfi
symboling              0.122067346    0.012532099    0.181938731    0.065707423
fueltype              -0.023020463   -0.302573975   -0.070456709   -0.023020463
aspiration            -0.149189650    0.050040787   -0.394703334    0.032857244
doornumber            -0.079143013    0.025019450   -0.146271782   -0.079143013
enginelocation         0.008532374   -0.132428819    0.026114286    0.008532374
wheelbase             -0.033294262    0.348891133   -0.117358799   -0.032128736
carlength             -0.004831388    0.511374473   -0.079789813   -0.008244719
carwidth               0.012831587    0.461896299   -0.046398661   -0.023157504
carheight             -0.101245239    0.108685463   -0.278615485   -0.066777582
curbweight             0.034431398    0.520220172   -0.002433751    0.024052137
enginesize             0.049033368    0.483519572    0.004490197   -0.013327144
boreratio              0.070029967    0.419334786   -0.004212753    0.025976820
stroke                 0.144263109   -0.110280165    0.251258903   -0.005687988
compressionratio      -0.055528182   -0.311034548   -0.153726054   -0.016654490
horsepower             0.072561510    0.628372059    0.117664436   -0.025055842
peakrpm               -0.018410898    0.149958629    0.068748487   -0.018410898
citympg               -0.066724164   -0.644488657   -0.123953808   -0.013083169
highwaympg            -0.068807222   -0.610813265   -0.106614849   -0.017848116
price                 -0.002747293    0.517074989   -0.061474847   -0.019580151
carbodyhardtop        -0.014109018    0.117875724   -0.043182233   -0.014109018
carbodyhatchback       0.097230559   -0.208463020    0.197165392    0.097230559
carbodysedan          -0.065706341    0.078093678   -0.105671457   -0.065706341
carbodywagon          -0.026092679    0.016053178   -0.079859571   -0.026092679
drivewheelfwd          0.058925565   -0.437655361    0.132019672   -0.083189033
drivewheelrwd         -0.053739900    0.448977352   -0.115181988    0.091216410
enginetypedohcv       -0.004901961    0.076082098   -0.015003001   -0.004901961
enginetypel           -0.017458096    0.020749397   -0.053432462   -0.017458096
enginetypeohc          0.043450171   -0.302921691    0.132984122    0.043450171
enginetypeohcf        -0.019672237    0.004584502   -0.060209088   -0.019672237
enginetypeohcv        -0.018218222    0.282760424   -0.055758911   -0.018218222
enginetyperotor       -0.009876814   -0.059039500   -0.030229098   -0.009876814
cylindernumberfive    -0.016671719    0.084980983   -0.051025668   -0.016671719
cylindernumberfour     0.037658695   -0.373291331    0.115258662    0.037658695
cylindernumbersix     -0.025494779    0.365248301   -0.078029631   -0.025494779
cylindernumberthree   -0.004901961   -0.064429885   -0.015003001   -0.004901961
cylindernumbertwelve  -0.004901961    0.076082098   -0.015003001   -0.004901961
cylindernumbertwo     -0.009876814   -0.059039500   -0.030229098   -0.009876814
fuelsystem2bbl        -0.048244686   -0.634113509   -0.147658274   -0.048244686
fuelsystem4bbl        -0.008532374   -0.112146928   -0.026114286   -0.008532374
fuelsystemidi         -0.023020463   -0.302573975   -0.070456709   -0.023020463
fuelsystemmfi          1.000000000   -0.064429885   -0.015003001   -0.004901961
fuelsystemmpfi        -0.064429885    1.000000000   -0.197194890   -0.064429885
fuelsystemspdi        -0.015003001   -0.197194890    1.000000000   -0.015003001
fuelsystemspfi        -0.004901961   -0.064429885   -0.015003001    1.000000000
